1.902110022010100000e+14
1.902110022011280000e+14
1.902110022012040000e+14
1.902110022012070000e+14
1.902110022010370000e+14
1.902110022013870000e+14
1.902110022012050000e+14
1.902110022013010000e+14
1.902110022012410000e+14
1.902110022012640000e+14
1.902110022012380000e+14
1.902110022012460000e+14
1.902110022012300000e+14
1.902070018010650000e+14
1.902110022013600000e+14
1.902110022013390000e+14
1.902110016011450000e+14
1.902070018011520000e+14
1.902110016011410000e+14
1.902240021010780000e+14
1.902240021011780000e+14
1.902240021011680000e+14
1.902240021011790000e+14
1.902240021011900000e+14
1.902240021011830000e+14
1.902240021010170000e+14
1.902240021013950000e+14
1.902240021013930000e+14
1.902240021013860000e+14
1.902240021013820000e+14
1.902240021013740000e+14
1.902240021012600000e+14
1.902240021012130000e+14
1.902240021012220000e+14
1.902240021013110000e+14
1.902240021013150000e+14
1.902240021012870000e+14
1.902240021013510000e+14
1.902240021012390000e+14
1.902240021012330000e+14
1.902240021012670000e+14
1.902240021013210000e+14
1.902240021013030000e+14
1.902050016010980000e+14
1.902050016010480000e+14
1.902050016010440000e+14
1.902050016010400000e+14
1.902050016010780000e+14
1.902050016010690000e+14
1.902050016010450000e+14
1.902050016010430000e+14
1.902050016011040000e+14
1.902050016011030000e+14
1.902050016011260000e+14
1.902050016010810000e+14
1.902050016010830000e+14
1.902050016010710000e+14
1.902050016010730000e+14
1.902050016010760000e+14
1.902050016010370000e+14
1.902050016010360000e+14
1.902050016010640000e+14
1.902050016010740000e+14
1.902050016010420000e+14
1.902050016010570000e+14
1.902050016011560000e+14
1.902050016011650000e+14
1.902050016012350000e+14
1.902050016010310000e+14
1.902050016010350000e+14
1.902050016010330000e+14
1.902050016010180000e+14
1.902050016013990000e+14
1.902050016013010000e+14
1.902050016012660000e+14
1.902050016012650000e+14
1.902050016012870000e+14
1.902050016012910000e+14
1.902230017010170000e+14
1.902230017010070000e+14
1.902230017011970000e+14
1.902230017013050000e+14
1.902230017012980000e+14
1.902230017012930000e+14
1.610060054010700000e+14
1.610060054010960000e+14
1.511100037010890000e+14
1.601090020010550000e+14
1.511100037010060000e+14
1.511100037012520000e+14
1.711020045012640000e+14
1.501030025010160000e+14
1.612170031012390000e+14
1.612130026011800000e+14
2.104210044012740000e+14
1.604200048013600000e+14
1.705160021013300000e+14
2.104200018010790000e+14
1.404130044010920000e+14
1.702180037011140000e+14
1.604220040013820000e+14
1.604230044012310000e+14
1.702180037012670000e+14
2.207080021010100000e+14
2.306100041011610000e+14
2.207080021012770000e+14
2.205220026013780000e+14
1.504290031011110000e+14
1.504290031010250000e+14
1.504290031011800000e+14
1.504290031012160000e+14
1.504290031013690000e+14
2.104210068013790000e+14
1.504260006013160000e+14
2.104210068013660000e+14
2.104210068013650000e+14
1.504290031012730000e+14
1.504290031012570000e+14
1.504290031012740000e+14
1.504290031012510000e+14
1.504290031012620000e+14
1.504290031012790000e+14
2.306110022012510000e+14
2.104210068012950000e+14
1.504290031012410000e+14
2.104210068012810000e+14
2.306110027011180000e+14
2.306110027013990000e+14
2.104200030012150000e+14
1.704170055012390000e+14
1.604190041011180000e+14
1.604190041011820000e+14
2.212250032010970000e+14
2.212250032011150000e+14
2.212250032011410000e+14
2.212250032011530000e+14
2.212250032011490000e+14
2.212250032011310000e+14
1.902090029010030000e+14
1.902090029010010000e+14
1.902090029010020000e+14
1.902090029013930000e+14
1.902090029013890000e+14
1.902090029013810000e+14
1.902060040011260000e+14
1.902060040011360000e+14
1.902090029013790000e+14
1.902060040011440000e+14
1.902060040011400000e+14
1.902060040011460000e+14
1.902060040011130000e+14
1.902060040011310000e+14
1.902060040010240000e+14
1.902060040011380000e+14
1.902060040011370000e+14
1.902060040011660000e+14
1.902090029013280000e+14
1.705150036012060000e+14
2.104200014011210000e+14
2.104200014013620000e+14
2.101240037012070000e+14
2.104200014013200000e+14
2.104200014012300000e+14
1.902060072013850000e+14
2.207060019010510000e+14
2.207060019012660000e+14
2.207060019012370000e+14
2.207060019013690000e+14
2.207060019013960000e+14
2.104210080011070000e+14
2.207060019013400000e+14
2.104210080010140000e+14
2.104210080013420000e+14
2.207060019013340000e+14
2.207060019012120000e+14
2.207060019011880000e+14
2.104210080011520000e+14
2.207060019012410000e+14
2.104210080011760000e+14
2.207060019012220000e+14
2.207060019012390000e+14
2.207060019012680000e+14
