190224002101222.000000
190205001601103.000000
190205001601126.000000
190205001601071.000000
190205001601042.000000
190205001601165.000000
190205001601018.000000
190205001601399.000000
190205001601083.000000
190205001601068.000000
140809001601238.000000
140713001901399.000000
140608003701322.000000
150109001001045.000000
150109001001186.000000
160106001601095.000000
150109001001355.000000
150109001001254.000000
160106001601027.000000
150109001001278.000000
150109001001175.000000
181225002101151.000000
170829002901175.000000
170829002901201.000000
151008004001047.000000
170117002101072.000000
170130001601354.000000
150413005601075.000000
150429003601252.000000
140610004401001.000000
140609002101390.000000
140608003101141.000000
140608003101024.000000
210421006401233.000000
220706001901266.000000
220706001901188.000000
210421008001176.000000
